3	27	21	24	9	25	5	28	19	15	29	11	2	17	14	16	12	8	13	22	20	6	1	18	10	23	0	4	26	7
11	5	8	28	29	1	22	27	0	12	10	3	25	19	21	23	17	18	20	2	16	4	24	9	6	14	26	15	7	13
1	19	8	11	17	4	10	26	23	21	14	9	25	15	5	28	27	20	18	6	24	16	2	29	0	13	22	3	7	12
12	14	17	24	19	13	9	6	7	20	23	5	18	15	28	4	26	25	2	22	3	1	8	11	16	27	21	10	0	29
13	1	19	28	4	27	17	29	22	7	3	24	16	26	2	23	15	25	11	14	0	9	12	8	21	20	10	6	18	5
19	6	4	21	22	7	0	29	10	15	27	1	16	9	2	28	3	11	25	23	20	26	14	17	8	5	13	18	24	12
10	12	3	21	15	1	7	4	13	27	9	19	5	11	20	8	23	28	17	16	29	18	6	22	24	26	14	25	0	2
12	8	3	11	29	23	24	19	16	6	13	2	10	5	17	25	15	9	18	27	14	28	21	0	7	4	26	22	1	20
28	11	13	26	20	25	2	18	14	1	0	17	8	7	6	3	9	21	29	24	12	10	27	22	23	16	5	19	4	15
21	4	20	2	8	1	19	10	9	26	3	18	12	13	14	0	28	16	7	23	29	24	27	25	15	17	6	5	22	11
12	22	0	24	26	29	18	11	27	7	14	8	20	28	9	1	21	15	16	4	5	13	10	3	6	19	25	2	17	23
10	4	25	12	28	3	23	22	21	24	27	29	0	2	7	9	17	6	8	16	19	11	5	18	26	14	15	20	1	13
23	18	15	16	10	11	19	5	3	13	7	8	26	27	12	1	2	0	4	20	29	14	9	6	25	22	21	24	28	17
21	22	16	29	17	7	11	23	10	1	8	28	25	12	0	13	4	5	26	14	18	3	20	2	19	24	6	9	15	27
2	25	9	1	8	26	6	20	24	16	7	11	22	14	21	29	5	3	23	17	4	18	10	19	28	13	12	0	27	15
25	4	6	12	8	0	7	2	13	9	19	5	18	3	29	28	10	21	20	14	17	23	1	26	15	11	24	27	22	16
15	27	13	18	10	19	0	4	7	22	14	12	16	5	17	25	21	9	3	24	6	26	1	11	28	23	29	8	20	2
25	18	6	21	26	19	3	14	8	29	27	9	16	24	17	11	20	15	10	23	5	4	1	2	0	7	13	28	12	22
6	5	19	29	8	11	22	18	1	14	20	3	27	25	24	15	23	16	0	26	4	12	10	7	13	21	17	2	9	28
18	28	9	11	23	13	22	10	4	16	14	20	26	8	3	6	0	27	2	7	12	19	25	1	15	29	21	5	17	24
26	0	6	1	29	24	25	27	13	22	10	9	20	28	11	12	17	23	14	5	7	2	19	4	16	15	8	18	3	21
27	21	9	29	18	23	20	28	22	0	12	25	6	8	16	4	10	14	26	19	11	1	5	15	3	17	2	7	13	24
22	4	17	0	24	8	7	26	11	3	10	18	5	15	13	28	9	27	14	21	12	19	2	29	16	25	20	23	1	6
18	29	12	9	23	15	11	14	27	1	10	22	0	26	25	16	19	20	24	5	3	21	7	4	28	2	17	6	8	13
20	11	28	27	15	10	29	19	2	25	7	9	22	23	0	3	13	12	1	18	24	26	21	6	16	17	8	5	14	4
24	28	26	2	13	4	19	0	18	6	12	8	17	27	9	14	10	16	25	21	7	22	11	15	29	5	20	1	23	3
11	23	5	18	20	19	16	0	9	25	22	17	13	24	4	10	21	14	26	3	2	29	12	15	27	6	1	28	7	8
26	0	28	14	16	2	25	15	20	5	11	13	1	6	10	17	12	21	18	19	24	22	9	3	7	4	27	23	29	8
9	19	27	10	25	23	12	20	0	15	8	11	29	14	28	3	22	21	5	4	17	13	2	26	1	24	6	16	18	7
3	14	11	6	0	25	5	28	29	8	23	21	12	27	15	10	2	9	26	16	22	1	7	17	4	13	20	24	18	19
13	16	0	12	25	18	4	7	23	24	2	3	8	26	10	1	21	15	19	14	9	6	22	28	17	11	5	27	29	20
0	19	5	10	23	16	1	11	18	6	3	28	27	12	20	15	14	8	25	26	21	29	13	22	24	9	2	7	17	4